%                         ---Predicados---
:-dynamic paragem/7.
:-dynamic linha/2.
:-dynamic aresta/3.
:-dynamic linhas/2.


%PARAGENS------------------------- - - - -  -  -  -    -

paragem( 1, 57,[0, 1], -77.0219166779745, 38.8936730087034,0.0,1.0).
paragem( 2, 58,[0], -77.0175074963564, 38.8764696487714,0.0,1.0).
paragem( 3, 59,[2, 1], -77.0440445887926, 38.8534241622265,0.0,1.0).
paragem( 4, 60,[2, 1], -77.1291138412854, 38.7993154341559,0.0,1.0).
paragem( 5, 61,[2, 1], -77.1679725080929, 38.7665296467534,0.0,0.0).
paragem( 6, 62,[2, 3, 4], -77.0158705045136, 38.8850801388183,1.0,1.0).
paragem( 7, 63,[5], -77.0166412451066, 38.8960981035303,1.0,0.0).
paragem( 8, 64,[2, 3, 4], -77.0051417041544, 38.8850702849962,0.0,0.0).
paragem( 9, 65,[5, 2, 3, 4], -77.0280802893592, 38.8983222591023,1.0,0.0).
paragem( 10, 66,[5, 0, 1], -77.0219176806835, 38.898324595916,0.0,1.0).
paragem( 11, 67,[0, 1], -77.0219166711418, 38.9064446027085,1.0,1.0).
paragem( 12, 68,[0, 1], -77.027498186088, 38.9170101889228,1.0,0.0).
paragem( 13, 69,[5], -77.0074165779102, 38.8977738257841,0.0,0.0).
paragem( 14, 70,[0], -76.9885142092577, 38.8456654796114,1.0,1.0).
paragem( 15, 71,[0], -76.9562649764053, 38.8513091626614,0.0,1.0).
paragem( 16, 72,[0], -76.9318724178634, 38.8439723329151,1.0,1.0).
paragem( 17, 73,[0], -76.9114664692323, 38.8264541240359,0.0,1.0).
paragem( 18, 74,[2, 1], -77.0536698690765, 38.8141514352358,0.0,0.0).
paragem( 19, 75,[2, 1], -77.060813505323, 38.8065938834019,1.0,0.0).
paragem( 20, 76,[1], -77.0708766888478, 38.8004332142356,0.0,0.0).
paragem( 21, 77,[1], -77.075208089634, 38.7939236159644,1.0,1.0).
paragem( 22, 78,[0], -76.9953730185932, 38.8629708967768,1.0,0.0).
paragem( 23, 79,[2, 3, 4], -76.996003408071, 38.8846300451654,0.0,0.0).
paragem( 24, 80,[2, 3, 4], -76.9854975975333, 38.8812710576693,0.0,0.0).
paragem( 25, 81,[2, 3, 4], -76.9770911770343, 38.8867168752906,0.0,1.0).
paragem( 26, 82,[5], -76.9959392002222, 38.9210674808597,1.0,1.0).
paragem( 27, 83,[3], -76.946750000542, 38.8991990121839,0.0,1.0).
paragem( 28, 84,[5], -77.0629884863183, 38.9432730819668,1.0,1.0).
paragem( 29, 85,[5], -77.0580448228721, 38.934770682922,0.0,0.0).
paragem( 30, 86,[0, 1], -77.0325544130882, 38.9278457591968,1.0,0.0).
paragem( 31, 93,[4], -77.2415603531521, 38.9289596270907,1.0,1.0).
paragem( 32, 94,[4], -77.2338801966558, 38.9209631762419,0.0,0.0).
paragem( 33, 95,[4], -77.2217180366501, 38.9206820534809,0.0,1.0).
paragem( 34, 96,[4], -77.2100812932004, 38.9245295499808,0.0,1.0).
paragem( 35, 97,[4], -77.3400622163971, 38.9477406631675,1.0,1.0).
paragem( 36, 1,[0, 1], -76.9281272478179, 38.9786414397677,1.0,0.0).
paragem( 37, 2,[2, 3, 4], -76.9118103699472, 38.8894736453033,1.0,0.0).
paragem( 38, 3,[2, 3, 4], -76.8680770102024, 38.8938427191506,1.0,0.0).
paragem( 39, 4,[0, 1], -77.0234631972137, 38.9374424240913,0.0,0.0).
paragem( 40, 5,[5], -77.0181789925646, 38.9760863329932,1.0,0.0).
paragem( 41, 6,[5], -77.053559669512, 39.0617915833643,0.0,1.0).
paragem( 42, 7,[5], -77.0501093611075, 39.0375349567646,1.0,1.0).
paragem( 43, 8,[5], -77.0429188588465, 39.0149620841003,0.0,1.0).
paragem( 44, 9,[5], -77.0310201257706, 38.9939571798109,1.0,1.0).
paragem( 45, 10,[5], -76.9945365689642, 38.9332187855285,0.0,0.0).
paragem( 46, 11,[5, 0, 1], -77.002205364201, 38.9518545652333,0.0,0.0).
paragem( 47, 12,[0, 1], -76.9558837816698, 38.965393247954,0.0,0.0).
paragem( 48, 13,[0, 1], -76.9695789525264, 38.9550479702261,1.0,0.0).
paragem( 49, 14,[2, 3, 4], -76.9383671319143, 38.8909834637517,1.0,1.0).
paragem( 50, 15,[2, 3, 4], -76.8941101597531, 38.8867556053722,1.0,0.0).
paragem( 51, 16,[3], -76.9352590469192, 38.9081862878525,1.0,1.0).
paragem( 52, 17,[3], -76.8718435330757, 38.9477926575122,0.0,1.0).
paragem( 53, 18,[3], -76.8912002192921, 38.9335140325349,1.0,1.0).
paragem( 54, 19,[3], -76.9166303026336, 38.9166396483927,1.0,0.0).
paragem( 55, 20,[2, 3, 4], -76.8445538694509, 38.9006075131534,1.0,0.0).
paragem( 56, 21,[5], -77.0030227321829, 38.9070240007289,0.0,0.0).
paragem( 57, 22,[2, 3, 4], -77.0709109907557, 38.8959868801029,0.0,1.0).
paragem( 58, 23,[2], -77.0628124312998, 38.8846946403681,0.0,1.0).
paragem( 59, 24,[5], -77.0434166573704, 38.9096058451637,1.0,1.0).
paragem( 60, 25,[2, 1], -77.0537179718308, 38.8694704803718,1.0,0.0).
paragem( 61, 26,[2, 1], -77.0502921063361, 38.8579120973468,0.0,0.0).
paragem( 62, 27,[0], -77.0050879350566, 38.8764888672486,0.0,0.0).
paragem( 63, 28,[2, 3, 4], -77.033636466218, 38.9013405831779,0.0,1.0).
paragem( 64, 29,[0, 1], -77.0219139919702, 38.9134846603408,1.0,1.0).
paragem( 65, 30,[0], -76.9750564110555, 38.8410935566422,1.0,1.0).
paragem( 66, 31,[0, 1], -76.9110598357508, 39.0111536734965,0.0,0.0).
paragem( 67, 32,[5], -77.0795896368441, 38.9488592292932,0.0,0.0).
paragem( 68, 33,[3], -77.1890971650429, 38.9007883313976,1.0,0.0).
paragem( 69, 34,[3], -77.2271630253476, 38.8836329114353,0.0,0.0).
paragem( 70, 35,[3], -77.272624623927, 38.8776088964162,1.0,1.0).
paragem( 71, 36,[5], -77.084998118688, 38.9594916697622,1.0,1.0).
paragem( 72, 37,[5], -77.1646296827464, 39.119935150303,1.0,1.0).
paragem( 73, 38,[5], -77.1461276796774, 39.0843294264356,1.0,0.0).
paragem( 74, 39,[5], -77.120820282923, 39.0624754671456,0.0,1.0).
paragem( 75, 40,[5], -77.1128321868167, 39.0481591701957,0.0,0.0).
paragem( 76, 41,[5], -77.1038520438304, 39.02927675944,0.0,0.0).
paragem( 77, 42,[5], -77.0969546104114, 39.0000642881478,0.0,0.0).
paragem( 78, 43,[5], -77.0941315102505, 38.9844014611514,1.0,1.0).
paragem( 79, 44,[2, 3, 4], -77.0502800382973, 38.9007057947685,0.0,1.0).
paragem( 80, 45,[3, 4], -77.0871335411173, 38.8901833132623,1.0,1.0).
paragem( 81, 46,[3, 4], -77.0953964107811, 38.88671262011,1.0,1.0).
paragem( 82, 47,[3, 4], -77.1568853515052, 38.8859609449565,1.0,0.0).
paragem( 83, 48,[3, 4], -77.1029796087921, 38.8833739318822,1.0,1.0).
paragem( 84, 49,[3, 4], -77.1131711527362, 38.88219065327,0.0,0.0).
paragem( 85, 50,[2, 3, 4], -77.0406977114452, 38.9013206802029,1.0,0.0).
paragem( 86, 51,[5], -77.0397031233431, 38.9032097327095,1.0,0.0).
paragem( 87, 52,[5], -77.0524203221932, 38.9250929274775,1.0,0.0).
paragem( 88, 53,[0, 1, 3, 2, 4], -77.0219107735302, 38.884845511313,1.0,1.0).
paragem( 89, 54,[2, 3, 4], -77.0280685258322, 38.8880264858646,0.0,1.0).
paragem( 90, 55,[2, 1], -77.0595412212935, 38.8618901641212,0.0,1.0).
paragem( 91, 56,[2, 3, 4], -77.0281342902871, 38.8931886567065,0.0,1.0).


%LINHAS--------------------------- - - - -  -  -  -    -

linha(5,[7, 9, 10, 13, 26, 28, 29, 40, 41, 42, 43, 44, 45, 46, 56, 59, 67, 71, 72, 73, 74, 75, 76, 77, 78, 86, 87]).
linha(1,[1, 3, 4, 5, 10, 11, 12, 18, 19, 20, 21, 30, 36, 39, 46, 47, 48, 60, 61, 64, 66, 88, 90]).
linha(0,[1, 2, 10, 11, 12, 14, 15, 16, 17, 22, 30, 36, 39, 46, 47, 48, 62, 64, 65, 66, 88]).
linha(3,[6, 8, 9, 23, 24, 25, 27, 37, 38, 49, 50, 51, 52, 53, 54, 55, 57, 63, 68, 69, 70, 79, 80, 81, 82, 83, 84, 85, 88, 89, 91]).
linha(2,[3, 4, 5, 6, 8, 9, 18, 19, 23, 24, 25, 37, 38, 49, 50, 55, 57, 58, 60, 61, 63, 79, 85, 88, 89, 90, 91]).
linha(4,[6, 8, 9, 23, 24, 25, 31, 32, 33, 34, 35, 37, 38, 49, 50, 55, 57, 63, 79, 80, 81, 82, 83, 84, 85, 88, 89, 91]).


%ARESTAS--------------------------- - - - -  -  -  -    -

aresta(7, 9, 0.005546199196473784).
aresta(9, 7, 0.005546199196473784).
aresta(9, 10, 0.0).
aresta(10, 9, 0.0).
aresta(10, 13, 0.00173713360923644).
aresta(13, 10, 0.00173713360923644).
aresta(13, 26, 0.05833376499941961).
aresta(26, 13, 0.05833376499941961).
aresta(26, 28, 0.3242560970944971).
aresta(28, 26, 0.3242560970944971).
aresta(28, 29, 0.009129963414110072).
aresta(29, 28, 0.009129963414110072).
aresta(29, 40, 0.3584524251569299).
aresta(40, 29, 0.3584524251569299).
aresta(40, 41, 0.6600440125321234).
aresta(41, 40, 0.6600440125321234).
aresta(41, 42, 0.018185453718316966).
aresta(42, 41, 0.018185453718316966).
aresta(42, 43, 0.035328664914689396).
aresta(43, 42, 0.035328664914689396).
aresta(43, 44, 0.054379757994969156).
aresta(44, 43, 0.054379757994969156).
aresta(44, 45, 0.4832339913385695).
aresta(45, 44, 0.4832339913385695).
aresta(45, 46, 0.031192818166280563).
aresta(46, 45, 0.031192818166280563).
aresta(46, 56, 0.007986937341616807).
aresta(56, 46, 0.007986937341616807).
aresta(56, 59, 0.02273325121636376).
aresta(59, 56, 0.02273325121636376).
aresta(59, 67, 0.3084829317569114).
aresta(67, 59, 0.3084829317569114).
aresta(67, 71, 0.012475068527062342).
aresta(71, 67, 0.012475068527062342).
aresta(71, 72, 2.7623869206216254).
aresta(72, 71, 2.7623869206216254).
aresta(72, 73, 0.14210744024840843).
aresta(73, 72, 0.14210744024840843).
aresta(73, 74, 0.1194849416483326).
aresta(74, 73, 0.1194849416483326).
aresta(74, 75, 0.024742421592293954).
aresta(75, 74, 0.024742421592293954).
aresta(75, 76, 0.03670960179223723).
aresta(76, 75, 0.03670960179223723).
aresta(76, 77, 0.043646018179147324).
aresta(77, 76, 0.043646018179147324).
aresta(77, 78, 0.00958169489562919).
aresta(78, 77, 0.00958169489562919).
aresta(78, 86, 0.9597385661068525).
aresta(86, 78, 0.9597385661068525).
aresta(86, 87, 0.06054465636037632).
aresta(87, 86, 0.06054465636037632).
aresta(1, 3, 0.1938999478087222).
aresta(3, 1, 0.1938999478087222).
aresta(3, 4, 0.9981349972028487).
aresta(4, 3, 0.9981349972028487).
aresta(4, 5, 0.27496893006684875).
aresta(5, 4, 0.27496893006684875).
aresta(5, 10, 4.171379301489493).
aresta(10, 5, 4.171379301489493).
aresta(10, 11, 0.0).
aresta(11, 10, 0.0).
aresta(11, 12, 0.012839723123883498).
aresta(12, 11, 0.012839723123883498).
aresta(12, 18, 0.5859231371283946).
aresta(18, 12, 0.5859231371283946).
aresta(18, 19, 0.011728625678765814).
aresta(19, 18, 0.011728625678765814).
aresta(19, 20, 0.013465431992314016).
aresta(20, 19, 0.013465431992314016).
aresta(20, 21, 0.006125579821803903).
aresta(21, 20, 0.006125579821803903).
aresta(21, 30, 1.2418814857965104).
aresta(30, 21, 1.2418814857965104).
aresta(30, 36, 1.1596466788178676).
aresta(36, 30, 1.1596466788178676).
aresta(36, 39, 0.8589271233141941).
aresta(39, 36, 0.8589271233141941).
aresta(39, 46, 0.06680237554256796).
aresta(46, 39, 0.06680237554256796).
aresta(46, 47, 0.13709557677179104).
aresta(47, 46, 0.13709557677179104).
aresta(47, 48, 0.031013180279400247).
aresta(48, 47, 0.031013180279400247).
aresta(48, 60, 1.5703227847616548).
aresta(60, 48, 1.5703227847616548).
aresta(60, 61, 0.008606075268432059).
aresta(61, 60, 0.008606075268432059).
aresta(61, 64, 0.34334134008205575).
aresta(64, 61, 0.34334134008205575).
aresta(64, 66, 2.369309597458016).
aresta(66, 64, 2.369309597458016).
aresta(66, 88, 3.0641020073444003).
aresta(88, 66, 3.0641020073444003).
aresta(88, 90, 0.18797756723589376).
aresta(90, 88, 0.18797756723589376).
aresta(1, 2, 0.016535873107893274).
aresta(2, 1, 0.016535873107893274).
aresta(2, 10, 0.021005325236525835).
aresta(10, 2, 0.021005325236525835).
aresta(12, 14, 0.6066723488690174).
aresta(14, 12, 0.6066723488690174).
aresta(14, 15, 0.039826261933671635).
aresta(15, 14, 0.039826261933671635).
aresta(15, 16, 0.03925419837663976).
aresta(16, 15, 0.03925419837663976).
aresta(16, 17, 0.07846887910907537).
aresta(17, 16, 0.07846887910907537).
aresta(17, 22, 0.6712068428034516).
aresta(22, 17, 0.6712068428034516).
aresta(22, 30, 0.5259080976223005).
aresta(30, 22, 0.5259080976223005).
aresta(48, 62, 0.6094706071620317).
aresta(62, 48, 0.6094706071620317).
aresta(62, 64, 0.13572582904161087).
aresta(64, 62, 0.13572582904161087).
aresta(64, 65, 0.7404336457944005).
aresta(65, 64, 0.7404336457944005).
aresta(65, 66, 2.3860776500829313).
aresta(66, 65, 2.3860776500829313).
aresta(6, 8, 1.7850103579390575E-5).
aresta(8, 6, 1.7850103579390575E-5).
aresta(8, 9, 0.0662808082500042).
aresta(9, 8, 0.0662808082500042).
aresta(9, 23, 0.09581534082730345).
aresta(23, 9, 0.09581534082730345).
aresta(23, 24, 0.007703546537770447).
aresta(24, 23, 0.007703546537770447).
aresta(24, 25, 0.010011382356502571).
aresta(25, 24, 0.010011382356502571).
aresta(25, 27, 0.08290629953953493).
aresta(27, 25, 0.08290629953953493).
aresta(27, 37, 0.07457552843396333).
aresta(37, 27, 0.07457552843396333).
aresta(37, 38, 0.04207830660392691).
aresta(38, 37, 0.04207830660392691).
aresta(38, 49, 0.04421772384024126).
aresta(49, 38, 0.04421772384024126).
aresta(49, 50, 0.0410916298420996).
aresta(50, 49, 0.0410916298420996).
aresta(50, 51, 0.1937196783911207).
aresta(51, 50, 0.1937196783911207).
aresta(51, 52, 0.5522177161610551).
aresta(52, 51, 0.5522177161610551).
aresta(52, 53, 0.06086707322790615).
aresta(53, 52, 0.06086707322790615).
aresta(53, 54, 0.0943616425121919).
aresta(54, 53, 0.0943616425121919).
aresta(54, 55, 0.25454816694555893).
aresta(55, 54, 0.25454816694555893).
aresta(55, 57, 0.22897399464641463).
aresta(57, 55, 0.22897399464641463).
aresta(57, 63, 0.04336831018588816).
aresta(63, 57, 0.04336831018588816).
aresta(63, 68, 0.01861129593492984).
aresta(68, 63, 0.01861129593492984).
aresta(68, 69, 0.1403146168258813).
aresta(69, 68, 0.1403146168258813).
aresta(69, 70, 0.05863612687586095).
aresta(70, 69, 0.05863612687586095).
aresta(70, 79, 1.107304427788764).
aresta(79, 70, 1.107304427788764).
aresta(79, 80, 0.08423582722505252).
aresta(80, 79, 0.08423582722505252).
aresta(80, 81, 0.006217745602115608).
aresta(81, 80, 0.006217745602115608).
aresta(81, 82, 0.009989741461697907).
aresta(82, 81, 0.009989741461697907).
aresta(82, 83, 0.030131673170286657).
aresta(83, 82, 0.030131673170286657).
aresta(83, 84, 0.0026096055945122065).
aresta(84, 83, 0.0026096055945122065).
aresta(84, 85, 0.3009051437379663).
aresta(85, 84, 0.3009051437379663).
aresta(85, 88, 0.06739266426035463).
aresta(88, 85, 0.06739266426035463).
aresta(88, 89, 0.004267650149139146).
aresta(89, 88, 0.004267650149139146).
aresta(89, 91, 7.71946366519891E-5).
aresta(91, 89, 7.71946366519891E-5).
aresta(5, 6, 3.908506066609469).
aresta(6, 5, 3.908506066609469).
aresta(9, 18, 0.4686978438999095).
aresta(18, 9, 0.4686978438999095).
aresta(19, 23, 1.1015886236546149).
aresta(23, 19, 1.1015886236546149).
aresta(25, 37, 0.03940913316091886).
aresta(37, 25, 0.03940913316091886).
aresta(50, 55, 0.15132473947078084).
aresta(55, 50, 0.15132473947078084).
aresta(57, 58, 0.01985744093930454).
aresta(58, 57, 0.01985744093930454).
aresta(58, 60, 0.030089228524254455).
aresta(60, 58, 0.030089228524254455).
aresta(61, 63, 0.1573761550289459).
aresta(63, 61, 0.1573761550289459).
aresta(63, 79, 0.0022927374414683584).
aresta(79, 63, 0.0022927374414683584).
aresta(79, 85, 0.0012802355756956231).
aresta(85, 79, 0.0012802355756956231).
aresta(89, 90, 0.17896611417014935).
aresta(90, 89, 0.17896611417014935).
aresta(90, 91, 0.21383673833304556).
aresta(91, 90, 0.21383673833304556).
aresta(25, 31, 2.4182339439222047).
aresta(31, 25, 2.4182339439222047).
aresta(31, 32, 0.013167752262434128).
aresta(32, 31, 0.013167752262434128).
aresta(32, 33, 7.364492275282645E-4).
aresta(33, 32, 7.364492275282645E-4).
aresta(33, 34, 0.009615711918577486).
aresta(34, 33, 0.009615711918577486).
aresta(34, 35, 0.6448917848309292).
aresta(35, 34, 0.6448917848309292).
aresta(35, 37, 5.394416280994309).
aresta(37, 35, 5.394416280994309).


%CORES DAS LINHAS--------------------------- - - - -  -  -  -    -

linhas(vermelho, 5).
linhas(amarelo, 1).
linhas(verde, 0).
linhas(laranja, 3).
linhas(azul, 2).
linhas(prateado, 4).
